Using HRF spikes in the feedback

Best trial: 81.13333333333334

gamma: 2.5998601169231574
epsilon: 4.766218509601864
inp_scaling: 2.1475719134624383
lif_tau_m: 27.679883301374197
spike_gain: 5.104667881671708
theta_lif: 0.020064998217704088
theta_rf: 0.44735046066161993
rho: 0.9273414350947942
dt: 0.033831818965834176
