Using HRF hy in the feedback

Best trial: 84.13333333333334

gamma: 3.065438185554798
epsilon: 4.64508588044351
inp_scaling: 2.2040564809934193
lif_tau_m: 23.909868261740968
spike_gain: 1.1485452501309699
theta_lif: 0.0209216494654723
theta_rf: 0.15489554943143696
rho: 0.9725205158728439
dt: 0.05578320399270937
